music/Scandinavianz_x_Limujii_Serenade.mp3
3
8.72 1 0 0
9.28 0 1 0
9.83 1 0 1
10.36 0 1 0
10.65 0 0 1
10.92 1 1 0
11.74 0 0 1
12.01 1 0 1
12.28 0 0 1
12.55 0 1 0
12.82 0 0 1
13.10 1 1 0
13.65 1 0 0
15 1 0 1
20 0 1 0
25 1 0 1
30 0 1 0
35 1 0 1
40.62 0 0 1
41.16 0 0 1
41.71 0 1 0
42.26 0 1 0
42.81 0 0 1
43.36 0 0 1
45 1 0 0
47 0 1 0
49 0 0 1
53 1 1 0
56 0 1 0
60 1 0 0
61 1 0 0
62 0 1 0
63 1 0 0
66 1 0 0
67 0 1 0
67.5 0 0 1
68 0 0 1
68.5 0 1 0
69 0 1 0
69.5 1 0 0
70 1 0 0
72 1 1 0
74 1 0 0
75 1 0 0
77 1 1 0
79 1 0 0
80 1 0 0
82 1 0 1
84 0 1 0
85 1 0 1
87 1 1 0
89 1 0 0
90 0 0 1
91 0 1 0
92 0 1 0
93 1 0 0
94 1 0 0
95 0 1 0
96 0 0 1
99 0 0 1
105 1 1 1
119.8 1 0 0
120.2 1 0 0
120.4 0 1 0
120.6 0 0 1
120.8 1 0 0
121.2 1 0 0
121.4 0 0 1
122 0 1 0
125 0 0 1
130 0 0 1
135 0 0 1
140 0 0 1
145 0 0 1
150 0 0 1
155 0 0 1
160 0 0 1
163 0 0 1
0 0 0 0

